2
11
16
8
17
10
13
10
16
14
6
7
18
16
15
6
19
12
8
10
9
11
5
1
4
7
9
5
15
12
14
16
7
15
20
6
7
2
9
1
12
13
12
18
8
19
14
4
17
5
16
1
20
6
14
12
18
14
18
3
16
8
18
12
7
18
9
13
15
9
19
13
18
5
8
9
14
11
20
11
17
10
14
19
14
12
13
14
20
13
2
19
7
9
14
1
14
11
7
20
6
11
1
2
3
17
14
7
14
5
17
3
12
2
15
16
6
14
16
20
14
2
3
11
8
18
3
10
17
14
16
13
15
6
17
15
4
18
18
4
9
20
13
14
8
13
18
19
6
5
3
18
7
15
3
10
16
7
10
13
4
5
4
17
19
6
5
16
12
17
4
15
14
12
14
4
4
20
3
13
17
8
12
2
12
5
1
14
4
10
11
10
14
2
3
6
6
3
15
18
1
13
13
9
18
4
20
12
4
13
20
20
18
8
17
11
4
19
16
11
6
15
1
8
3
3
6
16
14
14
4
15
18
4
15
1
15
9
1
1
5
2
2
15
1
2
18
12
