     1	372949912
     2	206121850
     3	209225665
     4	230845588
     5	366796169
     6	187572312
     7	375832633
     8	374661980
     9	240807110
    10	241065455
    11	636286824
    12	250803835
    13	280665816
    14	726848270
    15	51597791
    16	627491854
    17	353791374
    18	232313241
    19	265982289
    20	130960283
    21	51443410
    22	238264016
    23	471332737
    24	32834791
    25	143884558
    26	549112918
    27	484340979
    28	633943195
    29	287202982
    30	303126905
    31	237313700
    32	27844464
    33	464781334
    34	136035018
    35	277030839
    36	185344587
    37	189850197
    38	475826738
    39	64152335
    40	243175199
    41	147919630
    42	235170147
    43	266815699
    44	240869466
    45	237886951
    46	348476655
    47	429247237
    48	483072452
    49	472385266
    50	448956185
    51	113465603
    52	210933449
    53	92629809
    54	415155312
    55	455237361
    56	219001485
    57	571021282
    58	377037875
    59	148680848
    60	543442108
    61	193021637
    62	233335916
    63	233899912
    64	252484155
    65	230567975
    66	304953074
    67	541999788
    68	46143892
    69	91388229
    70	193074585
    71	501960718
    72	44179372
    73	280412626
    74	423543635
    75	618420295
    76	238713707
    77	373555025
    78	315633310
    79	21079235
    80	329927842
    81	146519069
    82	523636225
    83	226347105
    84	412180849
    85	385463372
    86	57880075
    87	461316266
    88	293559894
    89	240872546
    90	302486435
    91	490801957
    92	705017113
    93	14573900
    94	221411491
    95	714421232
    96	245444506
    97	178915141
    98	144813170
    99	139092348
   100	912081948
   101	211237817
   102	337780427
   103	216112526
   104	269513020
   105	366592246
   106	60897485
   107	197001564
   108	436702610
   109	121402638
   110	321796543
   111	501854635
   112	113109073
   113	703181887
   114	36448925
   115	48467334
   116	471427429
   117	283133921
   118	151584475
   119	48871981
   120	165565581
   121	469753464
   122	278745353
   123	167473396
   124	71210107
   125	166128698
   126	77001859
   127	140750163
   128	328686514
   129	246901658
   130	142702489
   131	760546868
   132	224761631
   133	336082762
   134	19583545
   135	53076741
   136	216264820
   137	362099039
   138	138846688
   139	581281429
   140	296259888
   141	291946431
   142	506269900
   143	299936873
   144	431429137
   145	155927976
   146	280557466
   147	240002233
   148	407890541
   149	636401401
   150	520818187
   151	344801362
   152	153406657
   153	543533194
   154	482237272
   155	787239919
   156	240664869
   157	708797364
   158	550122068
   159	531685436
   160	429222254
   161	411469404
   162	324614093
   163	151118966
   164	192301191
   165	593544608
   166	279213842
   167	711272516
   168	358351414
   169	341661701
   170	117473273
   171	290629376
   172	52079636
   173	188417619
   174	626774517
   175	362523468
   176	236972737
   177	15891449
   178	89549297
   179	437567821
   180	135573797
   181	79220481
   182	420301038
   183	55382387
   184	27489253
   185	150583140
   186	22903812
   187	34613288
   188	123080710
   189	248132486
   190	250542282
   191	341768585
   192	580330056
   193	230013639
   194	247844220
   195	22910295
   196	213745334
   197	420318016
   198	408757920
   199	41684671
   200	451693376
   201	393028587
   202	359621966
   203	318679591
   204	35758259
   205	369758604
   206	138157574
   207	259781850
   208	21408605
   209	320930784
   210	443828326
   211	531418504
   212	711071588
   213	456021856
   214	285332860
   215	193077639
   216	609852437
   217	330187082
   218	156247074
   219	283771561
   220	166767883
   221	367971451
   222	304182081
   223	161745170
   224	252753618
   225	710064516
   226	217423296
   227	225418717
   228	245014679
   229	507489702
   230	472185221
   231	311757784
   232	44335177
   233	471271538
   234	283894108
   235	637041761
   236	294809172
   237	343626364
   238	465811969
   239	209185477
   240	263099844
   241	32329366
   242	150632123
   243	293467348
   244	282634845
   245	221850321
   246	50711514
   247	406971569
   248	308422676
